Volume	Page	Kāṇḍa	Sarga	First	Last3
1	1	---	Book Title	---	---
1	2	---	Blank	---	---
1	3a	1	Invocation	1	3
1	3b	1	1	1	1
1	4	1	1	2	11
1	5	1	1	12	21
1	6	1	1	22	31
1	7	1	1	32	41
1	8	1	1	42	51
1	9	1	1	52	61
1	10	1	1	62	71
1	11	1	1	72	81
1	12	1	1	82	91
1	13	1	1	92	101
1	14	1	1	102	107
1	15	1	2	1	9
1	16	1	2	10	19
1	17	1	2	20	29
1	18	1	2	30	39
1	19	1	2	40	46
1	20	1	3	1	9
1	21	1	3	10	19
1	22	1	3	20	29
1	23	1	3	30	39
1	24	1	3	40	49
1	25	1	3	50	59
1	26	1	3	60	69
1	27	1	3	70	74
1	28	1	4	1	9
1	29	1	4	10	19
1	30	1	4	20	29
1	31	1	4	30	39
1	32	1	4	40	49
1	33	1	4	50	59
1	34	1	4	60	69
1	35	1	4	70	79
1	36	1	4	80	89
1	37	1	4	90	99
1	38	1	4	100	109
1	39	1	4	110	119
1	40	1	4	120	129
1	41	1	4	130	139
1	42	1	4	140	149b
1	43	1	4	149c	149d
1	44a	1	5a	1	4
1	44b	1	5b	1	4
1	45	1	5b	5	14
1	46	1	5b	15	20
1	47	1	6	1	9
1	48	1	6	10	19
1	49	1	6	20	29b
1	50	1	6	29c	29d
1	51	1	7	1	9
1	52	1	7	10	18b
1	53	1	7	18c	18d
1	54	1	8	1	9
1	55	1	8	10	19
1	56	1	8	20	29
1	57	1	8	30	32
1	58	1	9	1	8
1	59	1	9	9	18
1	60	1	9	19	28
1	61	1	9	29	38
1	62	1	9	39	48
1	63	1	9	49	58
1	64	1	9	59	68
1	65	1	9	69	69
1	66	1	10	1	8
1	67	1	10	9	18
1	68	1	10	19	28
1	69	1	10	29	38b
1	70	1	10	38c	38d
1	71	1	11	1	9
1	72	1	11	10	19
1	73	1	11	20	25
1	74	1	12	1	9
1	75	1	12	10	19
1	76	1	12	20	29
1	77	1	12	30	35
1	78	1	13	1	9
1	79	1	13	10	19
1	80	1	13	20	29
1	81	1	13	30	39
1	82	1	13	40	47
1	83	1	14	1	9
1	84	1	14	10	19
1	85	1	14	20	29
1	86	1	14	30	39
1	87	1	14	40	43
1	88	1	15	1	9
1	89	1	15	10	19
1	90	1	15	20	24
1	91	1	16	1	9
1	92	1	16	10	11
1	93	1	17	1	8
1	94	1	17	9	18
1	95	1	17	19	28
1	96	1	17	29	29
1	97	1	18	1	9
1	98	1	18	10	19
1	99	1	18	20	27
1	100	1	19	1	9
1	101	1	19	10	19
1	102	1	19	20	29
1	103	1	19	30	31
1	104	1	20	1	9
1	105	1	20	10	19
1	106	1	20	20	22
1	107	1	21	1	9
1	108	1	21	10	19
1	109	1	21	20	23
1	110	1	22	1	9
1	111	1	22	10	19
1	112	1	22	20	20
1	113	1	23	1	9
1	114	1	23	10	19
1	115	1	23	20	26
1	116	1	24	1	9
1	117	1	24	10	19
1	118	1	24	20	20
1	119	1	25	1	9
1	120	1	25	10	19
1	121	1	25	20	21
1	122	1	26	1	9
1	123	1	26	10	19
1	124	1	26	20	21
1	125	1	27	1	9
1	126	1	27	10	19
1	127	1	27	20	29
1	128	1	27	30	30
1	129	1	28	1	9
1	130	1	28	10	19
1	131	1	28	20	21
1	132	1	29	1	9
1	133	1	29	10	19
1	134	1	29	20	24
1	135	1	30	1	9
1	136	1	30	10	19
1	137	1	30	20	25
1	138	1	31	1	9
1	139	1	31	10	19
1	140	1	31	20	20
1	141	1	32	1	9
1	142	1	32	10	19
1	143	1	32	20	24
1	144	1	33	1	9
1	145	1	33	10	19
1	146	1	33	20	24
1	147	1	34	1	9
1	148	1	34	10	19
1	149	1	34	20	23
1	150	1	35	1	9
1	151	1	35	10	19
1	152	1	35	20	29
1	153	1	35	30	39
1	154	1	35	40	49
1	155	1	35	50	51
1	156	1	36	1	8
1	157	1	36	9	18
1	158	1	36	19	19
1	159	1	37	1	9
1	160	1	37	10	19
1	161	1	37	20	23
1	162	1	38	1	9
1	163	1	38	10	19
1	164	1	38	20	29
1	165	1	38	30	31
1	166	1	39	1	9
1	167	1	39	10	19
1	168	1	39	20	29
1	169	1	39	30	31
1	170	1	40	1	9
1	171	1	40	10	19
1	172	1	40	20	23
1	173	1	41	1	8
1	174	1	41	9	18
1	175	1	41	19	28
1	176	1	41	29	29
1	177	1	42	1	9
1	178	1	42	10	19
1	179	1	42	20	26
1	180	1	43	1	9
1	181	1	43	10	19
1	182	1	43	20	27
1	183	1	44	1	9
1	184	1	44	10	19
1	185	1	44	20	24
1	186	1	45	1	9
1	187	1	45	10	19
1	188	1	45	20	29
1	189	1	45	30	39
1	190	1	45	40	49
1	191	1	45	50	57
1	192	1	46	1	9
1	193	1	46	10	19
1	194	1	46	20	29
1	195	1	46	30	35
1	196	1	47	1	9
1	197	1	47	10	19
1	198	1	47	20	23
1	199	1	48	1	9
1	200	1	48	10	19
1	201	1	48	20	25
1	202	1	49	1	9
1	203	1	49	10	19
1	204	1	49	20	29
1	205	1	49	30	34
1	206	1	50	1	9
1	207	1	50	10	19
1	208	1	50	20	24
1	209	1	51	1	9
1	210	1	51	10	19
1	211	1	51	20	23
1	212	1	52	1	9
1	213	1	52	10	19
1	214	1	52	20	27
1	215	1	53	1	9
1	216	1	53	10	19
1	217	1	53	20	23
1	218	1	54	1	9
1	219	1	54	10	19
1	220	1	54	20	26
1	221	1	55	1	9
1	222	1	55	10	19
1	223	1	55	20	23
1	224	1	56	1	9
1	225	1	56	10	19
1	226	1	56	20	28
1	227	1	57	1	9
1	228	1	57	10	19
1	229	1	57	20	25
1	230	1	58	1	7
1	231	1	59	1	8
1	232	1	59	9	18
1	233	1	59	19	19
1	234	1	60	1	9
1	235	1	60	10	19
1	236	1	60	20	27
1	237	1	61	1	9
1	238	1	61	10	19
1	239	1	61	20	23
1	240	1	62	1	9
1	241	1	62	10	19
1	242	1	62	20	29
1	243	1	62	30	34
1	244	1	63	1	9
1	245	1	63	10	19
1	246	1	63	20	24
1	247	1	64	1	9
1	248	1	64	10	19
1	249	1	64	20	28
1	250	1	65	1	9
1	251	1	65	10	19
1	252	1	65	20	29
1	253	1	65	30	33
1	254	1	66	1	9
1	255	1	66	10	19
1	256	1	66	20	21
1	257	1	67	1	9
1	258	1	67	10	19
1	259	1	67	20	29
1	260	1	67	30	30
1	261	1	68	1	9
1	262	1	68	10	19
1	263	1	68	20	25
1	264	1	69	1	9
1	265	1	69	10	19
1	266	1	69	20	28
1	267	1	70	1	9
1	268	1	70	10	19
1	269	1	70	20	20
1	270	1	71	1	9
1	271	1	71	10	19
1	272	1	71	20	26
1	273	1	72	1	9
1	274	1	72	10	19
1	275	1	72	20	29
1	276	1	72	30	36
1	277	1	73	1	9
1	278	1	73	10	19
1	279	1	73	20	23
1	280	1	74	1	9
1	281	1	74	10	19
1	282	1	74	20	29
1	283	1	74	30	30
1	284	1	75	1	9
1	285	1	75	10	19
1	286	1	75	20	29
1	287	1	75	30	30
1	288	1	76	1	9
1	289	1	76	10	19
1	290	1	76	20	27
1	291	1	77	1	9
1	292	1	77	10	19
1	293	1	77	20	29
1	294	1	77	30	39
1	295	1	77	40	49
1	296	1	77	50	55
1	297	1	78	1	9
1	298	1	78	10	16
1	299	1	79	1	9
1	300	1	79	10	19
1	301	1	79	20	29
1	302	1	79	30	39
1	303	1	79	40	48
1	304	1	80	1	9
1	305	1	80	10	19
1	306	1	80	20	29
1	307	1	80	30	32
1	308	---	Blank	---	---
1	309	---	Kāṇḍa Title	---	---
1	310	---	Blank	---	---
1	311	2	1	1	6
1	312	2	1	7	16
1	313	2	1	17	26
1	314	2	1	27	36
1	315	2	1	37	42
1	316	2	2	1	9
1	317	2	2	10	19
1	318	2	2	20	29
1	319	2	2	30	36
1	320	2	3	1	9
1	321	2	3	10	19
1	322	2	3	20	29
1	323	2	3	30	39
1	324	2	3	40	45
1	325	2	4	1	9
1	326	2	4	10	19
1	327	2	4	20	26
1	328	2	5	1	8
1	329	2	5	9	18
1	330	2	5	19	28b
1	331	2	5	29c	29d
1	332	2	6	1	9
1	333	2	6	10	19
1	334	2	6	20	29
1	335	2	6	30	33
1	336	2	7	1	9
1	337	2	7	10	19
1	338	2	7	20	29
1	339	2	7	30	32
1	340	2	8	1	9
1	341	2	8	10	19
1	342	2	8	20	29
1	343	2	8	30	39
1	344	2	8	40	49
1	345	2	8	50	59b
1	346	2	8	59c	60
1	347	2	9	1	8
1	348	2	9	9	18
1	349	2	9	19	28
1	350	2	9	29	38
1	351	2	9	39	47b
1	352	2	9	47c	47d
2	1	---	---	---	---
2	2	---	---	---	---
2	3	2	10	1	7
2	4	2	10	8	17
2	5	2	10	18	27
2	6	2	10	28	29
2	7	2	11	1	9
2	8	2	11	10	19
2	9	2	11	20	29
2	10	2	11	30	31
2	11	2	12	1	9
2	12	2	12	10	19
2	13	2	12	20	29
2	14	2	12	30	36
2	15	2	12	37	38
2	16	2	13	1	9
2	17	2	13	10	19
2	18	2	13	20	29b
2	19	2	13	29c	29d
2	20	2	14	1	9
2	21	2	14	10	19
2	22	2	14	20	22
2	23	2	15	1	9
2	24	2	15	10	19
2	25	2	15	20	29
2	26	2	15	30	36
2	27	2	16	1	9
2	28	2	16	10	19
2	29	2	16	20	29
2	30	2	16	30	39
2	31	2	16	40	47
2	32	2	17	1	9
2	33	2	17	10	19
2	34	2	17	20	30ab
2	35	2	17	30cd	39b
2	36	2	17	39c	43
2	37	2	18	1	9
2	38	2	18	10	19
2	39	2	18	20	29
2	40	2	18	30	39
2	41	2	18	40	49
2	42	2	18	50	56c
2	43	2	18	56d	56d
2	44	2	19	1	9
2	45	2	19	10	19
2	46	2	19	20	22
2	47	2	20	1	9
2	48	2	20	10	19
2	49	2	20	20	29
2	50	2	20	30	39
2	51	2	20	40	47b
2	52	2	20	47c	47d
2	53	2	21	1	9
2	54	2	21	10	19
2	55	2	21	20	26
2	56	2	22	1	9
2	57	2	22	10	17
2	58	2	23	1	9
2	59	2	23	10	19
2	60	2	23	20	26
2	61	2	24	1	9
2	62	2	24	10	19
2	63	2	24	20	22
2	64	2	25	1	9
2	65	2	25	10	19
2	66	2	25	20	29
2	67	2	25	30	39
2	68	2	25	40	42
2	69	2	26	1	9
2	70	2	26	10	19
2	71	2	26	20	29
2	72	2	26	30	39b
2	73	2	26	39c	39d
2	74	2	27	1	8
2	75	2	27	9	18
2	76	2	27	19	26b
2	77	2	27	26c	26d
2	78	2	28	1	9
2	79	2	28	10	19
2	80	2	28	20	29
2	81	2	28	30	33
2	82	2	29	1	9
2	83	2	29	10	19
2	84	2	29	20	29b
2	85	2	29	29c	29d
2	86	2	30	1	9
2	87	2	30	10	19
2	88	2	30	20	29
2	89	2	30	30	39b
2	90	2	30	39c	39d
2	91	2	31	1	9
2	92	2	31	10	19
2	93	2	31	20	29
2	94	2	31	30	32
2	95	2	32	1	9
2	96	2	32	10	19
2	97	2	32	20	29
2	98	2	32	30	39
2	99	2	32	40	46
2	100	2	33	1	9
2	101	2	33	10	19
2	102	2	33	20	28b
2	103	2	33	28c	28d
2	104	2	34	1	9
2	105	2	34	10	19
2	106	2	34	20	29b
2	107	2	34	29c	29d
2	108	2	35	1	9
2	109	2	35	10	19
2	110	2	35	20	29
2	111	2	35	30	39
2	112	2	35	40	48b
2	113	2	35	48c	51
2	114	2	36	1	9
2	115	2	36	10	19
2	116	2	36	20	27
2	117	2	37	1	9
2	118	2	37	10	19
2	119	2	37	20	24
2	120	2	38	1	9
2	121	2	38	10	19
2	122	2	38	20	29
2	123	2	38	30	39
2	124	2	38	40	49
2	125	2	38	50	50
2	126	2	39	1	9
2	127	2	39	10	19
2	128	2	39	20	29
2	129	2	39	30	39
2	130	2	39	40	49
2	131	2	39	50	52
2	132	2	40	1	9
2	133	2	40	10	19b
2	134	2	40	19c	20
2	135	2	41	1	9
2	136	2	41	10	19
2	137	2	41	20	29a
2	138	2	41	29b	29d
2	139	2	42	1	9
2	140	2	42	10	19
2	141	2	42	20	21
2	142	2	43	1	9
2	143	2	43	10	19
2	144	2	43	20	29
2	145	2	43	30	36
2	146	2	44	1	9
2	147	2	44	10	19
2	148	2	44	20	29
2	149	2	44	30	30
2	150	2	45	1	9
2	151	2	45	10	19
2	152	2	45	20	29
2	153	2	45	30	32
2	154	2	46	1	9
2	155	2	46	10	19
2	156	2	46	20	20
2	157	2	47	1	8
2	158	2	47	9	18
2	159	2	47	19	28b
2	160	2	47	28c	28d
2	161	2	48	1	9
2	162	2	48	10	19
2	163	2	48	20	24
2	164	2	49	1	9
2	165	2	49	10	19
2	166	2	49	20	29
2	167	2	49	30	36
2	168	2	50	1	9
2	169	2	50	10	19
2	170	2	50	20	21
2	171	2	51	1	9
2	172	2	51	10	19
2	173	2	51	20	26
2	174	2	52	1	9
2	175	2	52	10	19
2	176	2	52	20	29
2	177	2	52	30	39b
2	178	2	52	39c	39d
2	179	2	53	1	9
2	180	2	53	10	19
2	181	2	53	20	29
2	182	2	53	30	39
2	183	2	53	40	41
2	184	2	54	1	9
2	185	2	54	10	19
2	186	2	54	20	29
2	187	2	54	30	39
2	188	2	54	40	42
2	189	2	55	1	9
2	190	2	55	10	19
2	191	2	55	20	20
2	192	2	56	1	9
2	193	2	56	10	19
2	194	2	56	20	29
2	195	2	56	30	33
2	196	2	57	1	9
2	197	2	57	10	19
2	198	2	57	20	29
2	199	2	57	30	32
2	200	2	58	1	9
2	201	2	58	10	19
2	202	2	58	20	29
2	203	2	58	30	37
2	204	2	59	1	9
2	205	2	59	10	19
2	206	2	59	20	29
2	207	2	59	30	32
2	208	2	60	1	9
2	209	2	60	10	19
2	210	2	60	20	23
2	211	2	61	1	9
2	212	2	61	10	19
2	213	2	61	20	29
2	214	2	61	30	35
2	215	2	62	1	9
2	216	2	62	10	19
2	217	2	62	20	29
2	218	2	62	30	39
2	219	2	62	40	43
2	220	2	63	1	9
2	221	2	63	10	19
2	222	2	63	20	20
2	223	2	64	1	9
2	224	2	64	10	19
2	225	2	64	20	20
2	226	2	65	1	9
2	227	2	65	10	19
2	228	2	65	20	29
2	229	2	65	30	39
2	230	2	65	40	47b
2	231	2	65	47c	47d
2	232	2	66	1	9
2	233	2	66	10	19
2	234	2	66	20	29
2	235	2	66	30	39
2	236	2	66	40	49
2	237	2	66	50	59
2	238	2	66	60	69b
2	239	2	66	69c	69d
2	240	2	67	1	9
2	241	2	67	10	19
2	242	2	67	20	25
2	243	2	68	1	8
2	244	2	68	9	18
2	245	2	68	19	28
2	246	2	68	29	38
2	247	2	68	39	48
2	248	2	68	49	56b
2	249	2	68	56c	56d
2	250	2	69	1	9
2	251	2	69	10	19
2	252	2	69	20	29
2	253	2	69	30	34
2	254	2	70	1	9
2	255	2	70	10	19
2	256	2	70	20	20
2	257	2	71	1	9
2	258	2	71	10	19
2	259	2	71	20	23
2	260	2	72	1	9
2	261	2	72	10	19
2	262	2	72	20	27
2	263	2	73	1	9
2	264	2	73	10	19
2	265	2	73	20	29
2	266	2	73	30	32
2	267	2	74	1	9
2	268	2	74	10	19
2	269	2	74	20	29
2	270	2	74	30	39
2	271	2	74	40	49
2	272	2	74	50	59
2	273	2	74	60	63
2	274	2	75	1	9
2	275	2	75	10	19
2	276	2	75	20	29
2	277	2	75	30	30
2	278	2	76	1	9
2	279	2	76	10	19
2	280	2	76	20	29
2	281	2	76	30	32
2	282	2	77	1	9
2	283	2	77	10	19
2	284	2	77	20	29
2	285	2	77	30	32
2	286	2	78	1	9
2	287	2	78	10	19
2	288	2	78	20	23
2	289	2	79	1	9
2	290	2	79	10	19
2	291	2	79	20	29
2	292	2	79	30	39b
2	293	2	79	39c	40
2	294	2	80	1	9
2	295	2	80	10	19
2	296	2	80	20	25
2	297	2	81	1	9
2	298	2	81	10	19
2	299	2	81	20	29
2	300	2	81	30	33
2	301	2	82	1	9
2	302	2	82	10	15
2	303	2	83	1	9
2	304	2	83	10	19
2	305	2	83	20	29
2	306	2	83	30	39
2	307	2	83	40	42
2	308	2	84	1	9
2	309	2	84	10	19
2	310	2	84	20	24
2	311	2	85	1	9
2	312	2	85	10	19
2	313	2	85	20	26
2	314	2	86	1	9
2	315	2	86	10	19
2	316	2	86	20	21
2	317	2	87	1	9
2	318	2	87	10	19
2	319	2	87	20	25
2	320	2	88	1	9
2	321	2	88	10	19
2	322	2	88	20	28
2	323	2	89	1	9
2	324	2	89	10	13
2	325	2	90	1	9
2	326	2	90	10	19
2	327	2	90	20	29
2	328	2	90	30	39b
2	329	2	90	39c	39d
2	330	2	91	1	9
2	331	2	91	10	19
2	332	2	91	20	20
2	333	2	92	1	9
2	334	2	92	10	19
2	335	2	92	20	28
2	336	2	93	1	9
2	337	2	93	10	18
2	338	2	94	1	9
2	339	2	94	10	19
2	340	2	94	20	25
2	341	2	95	1	9
2	342	2	95	10	19
2	343	2	95	20	28
2	344	2	96	1	9
2	345	2	96	10	19
2	346	2	96	20	28
2	347	2	97	1	9
2	348	2	97	10	19
2	349	2	97	20	27
2	350	2	98	1	9
2	351	2	98	10	19
2	352	2	98	20	24
2	353	2	99	1	9
2	354	2	99	10	19
2	355	2	99	20	29
2	356	2	99	30	39
2	357	2	99	40	40
2	358	2	100	1	9
2	359	2	100	10	19
2	360	2	100	20	29
2	361	2	100	30	39
2	362	2	100	40	49
2	363	2	100	50	59
2	364	2	100	60	69
2	365	2	100	70	77
2	366	2	101	1	9
2	367	2	101	10	19
2	368	2	101	20	29
2	369	2	101	30	39
2	370	2	101	40	42
2	371	2	102	1	9
2	372	2	102	10	19
2	373	2	102	20	28
2	374	2	103	1	9
2	375	2	103	10	19
2	376	2	103	20	27
2	377	2	104	1	9
2	378	2	104	10	19b
2	379	2	104	19c	20
2	380	2	105	1	9
2	381	2	105	10	19
2	382	2	105	20	29
2	383	2	105	30	39
2	384	2	105	40	49
2	385	2	105	50	58
2	386	2	106	1	9
2	387	2	106	10	19
2	388	2	106	20	29
2	389	2	106	30	30
2	390	2	107	1	9
2	391	2	107	10	19
2	392	2	107	20	20
2	393	2	108	1	9
2	394	2	108	10	19
2	395	2	108	20	29
2	396	2	108	30	39b
2	397	2	108	39c	40
2	398	2	109	1	9
2	399	2	109	10	19
2	400	2	109	20	29
2	401	2	109	30	39
2	402	2	109	40	49
2	403	2	109	50	59
2	404	2	109	60	66
2	405	2	110	1	7ab
2	406	2	110	7cd	17ab
2	407	2	110	17cd	23
2	408	2	111	1	9
2	409	2	111	10	19
2	410	2	111	20	29
2	411	2	111	30	39
2	412	2	111	40	49
2	413	2	111	50	53
2	414	2	112	1	9
2	415	2	112	10	19
2	416	2	112	20	29
2	417	2	112	30	33
2	418	2	113	1	9
2	419	2	113	10	19
2	420	2	113	20	26
2	421	2	114	1	9
2	422	2	114	10	19
2	423	2	114	20	29
2	424	2	114	30	36
2	425	2	115	1	9
2	426	2	115	10	18b
2	427	2	115	18c	19
2	428	2	116	1	9
2	429	2	116	10	19
2	430	2	116	20	29
2	431	2	116	30	39
2	432	2	116	40	48b
2	433	2	116	48c	49
2	434	2	117	1	9
2	435	2	117	10	19
2	436	2	117	20	27
2	437	2	118	1	9
2	438	2	118	10	19
2	439	2	118	20	29
2	440	2	118	30	32
2	441	2	119	1	9
2	442	2	119	10	19
2	443	2	119	20	29
2	444	2	119	30	34
2	445	2	120	1	9
2	446	2	120	10	19
2	447	2	120	20	25
2	448	2	121	1	9
2	449	2	121	10	19
2	450	2	121	20	21
2	451	2	122	1	9
2	452	2	122	10	19
2	453	2	122	20	29b
2	454	2	122	29c	29d
2	455	2	123	1	9
2	456	2	123	10	19
2	457	2	123	20	24
2	458	2	124	1	9
2	459	2	124	10	19
2	460	2	124	20	25
2	461	2	125	1	9
2	462	2	125	10	19
2	463	2	125	20	23
2	464	2	126	1	7
2	465	2	127	1	8
2	466	2	127	9	18
2	467	2	Colophone	---	---
3	1	---	Kāṇḍa Title	---	---
3	2	---	---	---	---
3	3	3	1	1	6
3	4	3	1	7	16
3	5	3	1	17	27
3	6	3	1	28	35
3	7	3	2	1	9
3	8	3	2	10	19
3	9	3	2	20	28
3	10	3	3	1	9
3	11	3	3	10	19
3	12	3	3	20	22
3	13	3	4	1	9
3	14	3	4	10	19
3	15	3	4	20	29
3	16	3	4	30	39
3	17	3	4	40	49
3	18	3	4	50	53
3	19	3	5	1	9
3	20	3	5	10	19
3	21	3	5	20	23
3	22	3	6	1	9
3	23	3	6	10	19
3	24	3	6	20	23
3	25	3	7	1	9
3	26	3	7	10	19
3	27	3	7	20	29
3	28	3	7	30	36
3	29	3	8	1	9
3	30	3	8	10	19
3	31	3	8	20	25
3	32	3	9	1	9
3	33	3	9	10	19
3	34	3	9	20	29
3	35	3	9	30	37
3	36	3	10	1	9
3	37	3	10	10	19
3	38	3	10	20	26
3	39	3	11	1	9
3	40	3	11	10	19
3	41	3	11	20	20
3	42	3	12	1	9
3	43	3	12	10	19
3	44	3	13	1	9
3	45	3	13	10	19
3	46	3	13	20	29
3	47	3	13	30	31
3	48	3	14	1	9
3	49	3	14	10	19
3	50	3	14	20	24
3	51	3	15	1	9
3	52	3	15	10	19
3	53	3	15	20	29
3	54	3	15	30	39
3	55	3	15	40	46
3	56	3	16	1	9
3	57	3	16	10	19
3	58	3	16	20	29
3	59	3	16	30	39
3	60	3	16	40	41
3	61	3	17	1	9
3	62	3	17	10	19
3	63	3	17	20	29
3	64	3	17	30	33
3	65	3	18	1	9
3	66	3	18	10	19
3	67	3	18	20	29
3	68	3	18	30	39
3	69	3	18	40	48
3	70	3	19	1	9
3	71	3	19	10	19
3	72	3	19	20	27
3	73	3	20	1	9
3	74	3	20	10	19
3	75	3	20	20	29
3	76	3	20	30	38
3	77	3	21	1	9
3	78	3	21	10	19
3	79	3	21	20	29
3	80	3	21	30	31
3	81	3	22	1	9
3	82	3	22	10	19
3	83	3	22	20	29
3	84	3	22	30	38
3	85	3	23	1	9
3	86	3	23	10	19
3	87	3	23	20	29
3	88	3	23	30	39
3	89	3	23	40	46
3	90	3	24	1	9
3	91	3	24	10	19
3	92	3	24	20	26
3	93	3	25	1	9
3	94	3	25	10	19
3	95	3	25	20	26
3	96	3	26	1	9
3	97	3	26	10	19
3	98	3	26	20	28
3	99	3	27	1	9
3	100	3	27	10	19
3	101	3	27	20	23
3	102	3	28	1	9
3	103	3	28	10	19
3	104	3	28	20	29
3	105	3	28	30	39
3	106	3	28	40	42
3	107	3	29	1	9
3	108	3	29	10	19
3	109	3	29	20	29
3	110	3	29	30	33
3	111	3	30	1	9
3	112	3	30	10	19
3	113	3	30	20	29
3	114	3	30	30	39
3	115	3	30	40	46
3	116	3	31	1	9
3	117	3	31	10	19
3	118	3	31	20	29
3	119	3	31	30	39
3	120	3	31	40	49
3	121	3	32	1	9
3	122	3	32	10	19
3	123	3	32	20	29
3	124	3	32	30	36
3	125	3	33	1	9
3	126	3	33	10	19
3	127	3	33	20	29
3	128	3	33	30	39
3	129	3	33	40	43
3	130	3	34	1	9
3	131	3	34	10	19
3	132	3	34	20	29
3	133	3	34	30	36
3	134	3	35	1	9
3	135	3	35	10	19
3	136	3	35	20	29
3	137	3	35	30	39
3	138	3	35	40	49
3	139	3	35	50	59
3	140	3	35	60	69
3	141	3	35	70	79
3	142	3	35	80	89
3	143	3	35	90	99
3	144	3	35	100	109
3	145	3	35	110	115
3	146	3	36	1	9
3	147	3	36	10	19
3	148	3	36	20	26
3	149	3	37	1	9
3	150	3	37	10	19
3	151	3	37	20	24
3	152	3	38	1	9
3	153	3	38	10	19
3	154	3	38	20	27
3	155	3	39	1	9
3	156	3	39	10	19
3	157	3	39	20	29
3	158	3	39	30	39
3	159	3	39	40	42
3	160	3	40	1	9
3	161	3	40	10	19
3	162	3	40	20	29
3	163	3	40	30	34
3	164	3	41	1	9
3	165	3	41	10	19
3	166	3	41	20	29
3	167	3	41	30	39
3	168	3	42	1	9
3	169	3	42	10	19
3	170	3	42	20	29
3	171	3	42	30	39
3	172	3	42	40	49
3	173	3	42	50	59
3	174	3	43	1	9
3	175	3	43	10	19
3	176	3	43	20	29
3	177	3	43	30	39
3	178	3	43	40	43
3	179	3	44	1	9
3	180	3	44	10	19
3	181	3	44	20	29
3	182	3	44	30	31
3	183	3	45	1	9
3	184	3	45	10	19
3	185	3	45	20	22
3	186	3	46	1	9
3	187	3	46	10	19
3	188	3	46	20	21
3	189	3	47	1	9
3	190	3	47	10	18
3	191	3	48	1	9
3	192	3	48	10	19
3	193	3	49	1	9
3	194	3	49	10	19
3	195	3	49	20	29
3	196	3	49	30	39
3	197	3	49	40	49
3	198	3	49	50	57
3	199	3	50	1	9
3	200	3	50	10	19
3	201	3	50	20	28
3	202	3	51	1	9
3	203	3	51	10	19
3	204	3	51	20	29
3	205	3	51	30	39
3	206	3	51	40	44
3	207	3	52	1	9
3	208	3	52	10	19
3	209	3	52	20	29
3	210	3	52	30	39
3	211	3	52	40	49
3	212	3	52	50	53
3	213	3	53	1	9
3	214	3	53	10	19
3	215	3	53	20	29
3	216	3	53	30	39
3	217	3	53	40	49
3	218	3	53	50	57
3	219	3	53	58	62
3	220	3	54	1	9
3	221	3	54	10	19
3	222	3	54	20	28
3	223	3	55	1	9
3	224	3	55	10	19
3	225	3	55	20	29
3	226	3	55	30	39
3	227	3	55	40	49
3	228	3	55	50	52
3	229	3	56	1	9
3	230	3	56	10	19
3	231	3	56	20	29
3	232	3	56	30	39
3	233	3	56	40	49
3	234	3	56	50	54
3	235	3	57	1	9
3	236	3	57	10	19
3	237	3	57	20	29
3	238	3	57	30	35
3	239	3	58	1	9
3	240	3	58	10	19
3	241	3	58	20	29
3	242	3	58	30	39
3	243	3	58	40	46
3	244	3	59	1	9
3	245	3	59	10	19
3	246	3	59	20	27
3	247	3	60	1	9
3	248	3	60	10	19
3	249	3	60	20	29
3	250	3	60	30	39
3	251	3	61	1	9
3	252	3	61	10	19
3	253	3	61	20	29
3	254	3	61	30	39
3	255	3	61	40	49
3	256	3	62	1	9
3	257	3	62	10	19
3	258	3	62	20	29
3	259	3	62	30	38
3	260	3	63	1	9
3	261	3	63	10	19
3	262	3	63	20	29
3	263	3	64	1	9
3	264	3	64	10	19
3	265	3	64	20	21
3	266	3	65	1	9
3	267	3	65	10	19
3	268	3	66	1	9
3	269	3	66	10	19
3	270	3	66	20	26
3	271	3	67	1	9
3	272	3	67	10	19
3	273	3	67	20	24
3	274	3	68	1	9
3	275	3	68	10	19
3	276	3	68	20	29
3	277	3	68	30	39
3	278	3	68	40	49
3	279	3	68	50	56
3	280	3	69	1	9
3	281	3	69	10	19
3	282	3	69	20	27
3	283	3	70	1	9
3	284	3	70	10	19
3	285	3	70	20	21
3	286	3	71	1	9
3	287	3	71	10	17
3	288	3	72	1	9
3	289	3	72	10	19
3	290	3	72	20	29
3	291	3	73	1	9
3	292	3	73	10	19
3	293	3	73	20	29
3	294	3	73	30	39
3	295	3	73	40	42
3	296	3	74	1	9
3	297	3	74	10	19
3	298	3	74	20	29
3	299	3	74	30	32
3	300	3	75	1	9
3	301	3	75	10	19
3	302	3	75	20	29
3	303	3	75	30	39
3	304	3	75	40	49
3	305	3	75	50	59
3	306	3	75	60	69
3	307	3	75	70	74
3	308	3	76	1	9
3	309	3	76	10	20ab
3	310	3	76	20cd	30ab
3	311	3	76	30cd	39
3	312	3	77	1	9
3	313	3	77	10	19
3	314	3	77	20	29
3	315	3	77	30	33
3	316	3	78	1	9
3	317	3	78	10	19
3	318	3	78	20	29
3	319	3	78	30	31
3	320	3	79	1	9
3	321	3	79	10	19
3	322	3	79	20	29
3	323	3	79	30	39
3	324	3	79	40	49
3	325	3	79	50	51
3	326	---	Blank	---	---
3	327	---	Kāṇḍa Title	---	---
3	328	---	Blank	---	---
3	329	4	1	1	6
3	330	4	1	7	16
3	331	4	1	17	26
3	332	4	1	27	32
3	333	4	2	1	9
3	334	4	2	10	19
3	335	4	2	20	23
3	336	4	3	1	9
3	337	4	3	10	19
3	338	4	3	20	29
3	339	4	4	1	9
3	340	4	4	10	19
3	341	4	4	20	20
3	342	4	5	1	9
3	343	4	5	10	19
3	344	4	5	20	29
3	345	4	5	30	31
3	346	4	6	1	9
3	347	4	6	10	19
3	348	4	6	20	24
3	349	4	7	1	9
3	350	4	7	10	19
3	351	4	7	20	24
3	352	4	8	1	9
3	353	4	8	10	19
3	354	4	8	20	29
3	355	4	8	30	39
3	356	4	8	40	49
3	357	4	8	50	58
3	358	4	9	1	9
3	359	4	9	10	19
3	360	4	9	20	29
3	361	4	9	30	39
3	362	4	9	40	49
3	363	4	9	50	59
3	364	4	9	60	69
3	365	4	9	70	79
3	366	4	9	80	89
3	367	4	9	90	99
3	368	4	9	100	107
3	369	4	10	1	9
3	370	4	10	10	19
3	371	4	10	20	29
3	372	4	10	30	36
3	373	4	11	1	9
3	374	4	11	10	12
3	375	4	12	1	9
3	376	4	12	10	19
3	377	4	12	20	29
3	378	4	12	30	39
3	379	4	12	40	48
3	380	4	13	1	9
3	381	4	13	10	19
3	382	4	13	20	29
3	383	4	13	30	39
3	384	4	13	40	47
3	385	4	14	1	9
3	386	4	14	10	19
3	387	4	14	20	29
3	388	4	14	30	32
3	389	4	15	1	9
3	390	4	15	10	19
3	391	4	15	20	29
3	392	4	15	30	34
3	393	4	16	1	9
3	394	4	16	10	19
3	395	4	16	20	29
3	396	4	16	30	39
3	397	4	16	40	49
3	398	4	16	50	53
3	399	4	17	1	9
3	400	4	17	10	19
3	401	4	17	20	29
3	402	4	17	30	39
3	403	4	17	40	49
3	404	4	17	50	58
3	405	4	18	1	9
3	406	4	18	10	19
3	407	4	18	20	29
3	408	4	18	30	32
3	409	4	19	1	9
3	410	4	19	10	19
3	411	4	19	20	29
3	412	4	19	30	37
3	413	4	20	1	9
3	414	4	20	10	19
3	415	4	20	20	21
3	416	4	21	1	9
3	417	4	21	10	19
3	418	4	21	20	29
3	419	4	21	30	38
3	420	4	22	1	9
3	421	4	22	10	19
3	422	4	22	20	29
3	423	4	22	30	37a
3	424	4	22	37b	39
3	425	4	23	1	9
3	426	4	23	10	12
3	427	4	24	1	9
3	428	4	24	10	19
3	429	4	24	20	29
3	430	4	24	30	39
3	431	4	24	40	44
3	432	4	25	1	9
3	433	4	25	10	19
3	434	4	25	20	29
3	435	4	25	30	39
3	436	4	26	1	9
3	437	4	26	10	19
3	438	4	26	20	25
3	439	4	27	1	9
3	440	4	27	10	19
3	441	4	27	20	23
3	442	4	28	1	9
3	443	4	28	10	19
3	444	4	28	20	29
3	445	4	28	30	32
3	446	4	29	1	9
3	447	4	29	10	19
3	448	4	29	20	29
3	449	4	30	1	9
3	450	4	30	10	19
3	451	4	30	20	22
3	452	4	31	1	5b
3	453	4	31	5c	14
3	454	4	31	15	24
3	455	4	31	25	34
3	456	4	31	35	38
3	457	4	32	1	9
3	458	4	32	10	19
3	459	4	32	20	22
3	460	4	33	1	9
3	461	4	33	10	19
3	462	4	33	20	29
3	463	4	33	30	39
3	464	4	33	40	45
4	1	---	Kāṇḍa Title	---	---
4	2	---	Blank	---	---
4	3	4	34	1	7
4	4	4	34	8	18ab
4	5	4	34	18cd	28ab
4	6	4	34	28cd	35
4	7	4	35	1	9
4	8	4	35	10	19
4	9	4	35	20	29
4	10	4	35	30	33
4	11	4	36	1	9
4	12	4	36	10	19
4	13	4	36	20	21
4	14	4	37	1	9
4	15	4	37	10	19
4	16	4	37	20	29
4	17	4	37	30	38
4	18	4	38	1	9
4	19	4	38	10	19
4	20	4	38	20	29
4	21	4	38	30	39
4	22	4	38	40	49
4	23	4	38	50	59
4	24	4	39	1	9
4	25	4	39	10	19ab
4	26	4	39	19cd	29ab
4	27	4	39	29cd	39ab
4	28	4	39	39cd	43
4	29	4	40	1	9
4	30	4	40	10	19
4	31	4	40	20	29
4	32	4	40	30	39
4	33	4	40	40	49
4	34	4	40	50	59
4	35	4	40	60	69
4	36	4	40	70	71
4	37	4	41	1	9
4	38	4	41	10	19
4	39	4	41	20	29
4	40	4	41	30	39
4	41	4	41	40	49
4	42	4	41	50	59
4	43	4	41	60	69
4	44	4	41	70	79
4	45	4	42	1	9
4	46	4	42	10	16
4	47	4	43	1	10ab
4	48	4	43	10cd	20ab
4	49	4	43	20cd	30ab
4	50	4	43	30cd	40ab
4	51	4	43	40cd	50ab
4	52	4	43	50cd	60ab
4	53	4	43	60cd	69
4	54	4	44	1	9
4	55	4	44	10	19
4	56	4	44	20	29
4	57	4	44	30	39
4	58	4	44	40	49
4	59	4	44	50	59
4	60	4	44	60	69
4	61	4	44	70	79
4	62	4	44	80	89
4	63	4	44	90	99
4	64	4	44	100	109
4	65	4	44	110	119
4	66	4	44	120	128
4	67	4	44	129	130
4	68	4	45	1	9
4	69	4	45	10	19
4	70	4	46	1	9
4	71	4	46	10	18
4	72	4	47	1	9
4	73	4	47	10	19
4	74	4	48	1	9
4	75	4	48	10	19
4	76	4	48	20	24
4	77	4	49	1	9
4	78	4	49	10	19
4	79	4	49	20	29
4	80	4	50	1	10ab
4	81	4	50	10cd	20ab
4	82	4	50	20cd	30ab
4	83	4	50	30cd	38
4	84	4	51	1	9
4	85	4	51	10	19
4	86	4	51	20	29
4	87	4	51	30	39
4	88	4	51	40	46
4	89	4	52	1	9
4	90	4	52	10	19
4	91	4	52	20	28
4	92	4	53	1	9
4	93	4	53	10	19
4	94	4	53	20	26
4	95	4	54	1	9
4	96	4	54	10	19
4	97	4	54	20	22
4	98	4	55	1	9
4	99	4	55	10	19
4	100	4	55	20	21
4	101	4	56	1	9
4	102	4	56	10	19
4	103	4	56	20	29
4	104	4	57	1	9
4	105	4	57	10	19
4	106	4	57	20	24
4	107	4	58	1	9
4	108	4	58	10	19
4	109	4	58	20	29
4	110	4	58	30	39
4	111	4	59	1	9
4	112	4	59	10	19
4	113	4	59	20	23
4	114	4	60	1	9
4	115	4	60	10	19
4	116	4	60	20	24
4	117	4	61	1	9
4	118	4	61	10	19
4	119	4	61	20	29
4	120	4	61	30	39
4	121	4	61	40	49
4	122	4	61	50	59
4	123	4	62	1	9
4	124	4	62	10	19
4	125	4	62	20	25
4	126	4	63	1	9
4	127	4	63	10	19
4	128	4	63	20	28
4	129	4	63	29	29
4	130	---	Blank	---	---
4	131	---	Kāṇḍa Title	---	---
4	132	---	Blank	---	---
4	133	5	1	1	6
4	134	5	1	7	16
4	135	5	1	17	26
4	136	5	1	27	36
4	137	5	1	37	46
4	138	5	1	47	56
4	139	5	1	57	66
4	140	5	1	67	76
4	141	5	1	77	86
4	142	5	1	87	96b
4	143	5	1	96c	97
4	144	5	2	1	9
4	145	5	2	10	19
4	146	5	2	20	29
4	147	5	2	30	39
4	148	5	2	40	46
4	149	5	3	1	9
4	150	5	3	10	19
4	151	5	3	20	29
4	152	5	3	30	39
4	153	5	3	40	49
4	154	5	3	50	59
4	155	5	3	60	69
4	156	5	3	70	79
4	157	5	4	1	9
4	158	5	4	10	13
4	159	5	5	1	9
4	160	5	5	10	19
4	161	5	5	20	29
4	162	5	5	30	31
4	163	5	6	1	10ab
4	164	5	6	10cd	20ab
4	165	5	6	20cd	29
4	166	5	7	1	9
4	167	5	7	10	19
4	168	5	7	20	29
4	169	5	7	30	39
4	170	5	7	40	49
4	171	5	7	50	59
4	172	5	7	60	69
4	173	5	7	70	73
4	174	5	8	1	9
4	175	5	8	10	19
4	176	5	8	20	26
4	177	5	9	1	9
4	178	5	9	10	19
4	179	5	9	20	29
4	180	5	9	30	39
4	181	5	9	40	49
4	182	5	9	50	59
4	183	5	9	60	68
4	184	5	10	1	9
4	185	5	10	10	19
4	186	5	10	20	22
4	187	5	11	1	5b
4	188	5	11	5c	10b
4	189	5	11	10c	15b
4	190	5	11	15c	19b
4	191	5	11	19c	25b
4	192	5	11	25c	26
4	193	5	12	1	9
4	194	5	12	10	19
4	195	5	12	20	29
4	196	5	12	30	39
4	197	5	12	40	49
4	198	5	13	1	9
4	199	5	13	10	19
4	200	5	13	20	29
4	201	5	13	30	39
4	202	5	13	40	49
4	203	5	13	50	59
4	204	5	13	60	68
4	205	5	13	69	71
4	206	5	14	1	9
4	207	5	14	10	19
4	208	5	14	20	29
4	209	5	14	30	39
4	210	5	14	40	49
4	211	5	14	50	59
4	212	5	14	60	67b
4	213	5	14	67c	69
4	214	5	15	1	9
4	215	5	15	10	19
4	216	5	15	20	29
4	217	5	15	30	39
4	218	5	15	40	49
4	219	5	15	50	59
4	220	5	16	1	9
4	221	5	16	10	19
4	222	5	16	20	29
4	223	5	16	30	39
4	224	5	16	40	49
4	225	5	16	50	55
4	226	5	17	1	9
4	227	5	17	10	19
4	228	5	17	20	29
4	229	5	17	30	36
4	230	5	18	1	9
4	231	5	18	10	19
4	232	5	18	20	29
4	233	5	18	30	38
4	234	5	19	1	9
4	235	5	19	10	19
4	236	5	19	20	29
4	237	5	19	30	35
4	238	5	20	1	9
4	239	5	20	10	19
4	240	5	20	20	27
4	241	5	21	1	9
4	242	5	21	10	19
4	243	5	21	20	22
4	244	5	22	1	9
4	245	5	22	10	19
4	246	5	22	20	29
4	247	5	22	30	35
4	248	5	23	1	9
4	249	5	23	10	19
4	250	5	23	20	29
4	251	5	23	30	34
4	252	5	24	1	9
4	253	5	24	10	19
4	254	5	24	20	29
4	255	5	24	30	39
4	256	5	25	1	9
4	257	5	25	10	19
4	258	5	25	20	29
4	259	5	25	30	39
4	260	5	25	40	49
4	261	5	25	50	56
4	262	5	26	1	9
4	263	5	26	10	19
4	264	5	26	20	29
4	265	5	26	30	39
4	266	5	26	40	43
4	267	5	27	1	9
4	268	5	27	10	19
4	269	5	27	20	29
4	270	5	27	30	35
4	271	5	28	1	5b
4	272	5	28	5c	10b
4	273	5	28	10c	15b
4	274	5	28	15c	18
4	275	5	29	1	9
4	276	5	29	10	19
4	277	5	29	20	29
4	278	5	29	30	35
4	279	5	30	1	9
4	280	5	30	10	19
4	281	5	31	1	9
4	282	5	31	10	19
4	283	5	31	20	29
4	284	5	31	30	39
4	285	5	31	40	49
4	286	5	31	50	59
4	287	5	31	60	62
4	288	5	32	1	9
4	289	5	32	10	19
4	290	5	32	20	29
4	291	5	32	30	39
4	292	5	32	40	48
4	293	5	33	1	9
4	294	5	33	10	19
4	295	5	33	20	29
4	296	5	33	30	39a
4	297	5	33	39b	45ab
4	298	5	33	45cd	47
4	299	5	34	1	9
4	300	5	34	10	19
4	301	5	34	20	23
4	302	5	35	1	9
4	303	5	35	10	19
4	304	5	35	20	29
4	305	5	35	30	39
4	306	5	35	40	48
4	307	5	36	1	9
4	308	5	36	10	19
4	309	5	36	20	29
4	310	5	36	30	39
4	311	5	36	40	49
4	312	5	36	50	59
4	313	5	36	60	69
4	314	5	36	70	77
4	315	5	37	1	9
4	316	5	37	10	19
4	317	5	37	20	27
4	318	5	37	28	34c
4	319	5	37	34d	41ab
4	320	5	37	41cd	43
4	321	5	38	1	9
4	322	5	38	10	19
4	323	5	38	20	29
4	324	5	38	30	39
4	325	5	38	40	49
4	326	5	38	50	51
4	327	5	39	1	9
4	328	5	39	10	19
4	329	5	39	20	29
4	330	5	39	30	33
4	331	5	40	1	9
4	332	5	40	10	15
4	333	5	41	1	9
4	334	5	41	10	19
4	335	5	41	20	29
4	336	5	41	30	39
4	337	5	41	40	41
4	338	5	42	1	5b
4	339	5	42	5c	10b
4	340	5	42	10c	15b
4	341	5	42	15c	20b
4	342	5	42	20c	22
4	343	5	43	1	6b
4	344	5	43	6c	12
4	345	5	43	13	15
4	346	5	44	1	7
4	347	5	44	8	14b
4	348	5	44	14 c	20
4	349	5	44	21	21
4	350	5	45	1	9
4	351	5	45	10	19
4	352	5	46	1	9
4	353	5	46	10	18
4	354	5	47	1	9
4	355	5	47	10	19
4	356	5	47	20	29
4	357	5	47	30	36
4	358	5	48	1	7b
4	359	5	48	7c	14b
4	360	5	48	14c	16
4	361	5	49	1	9
4	362	5	49	10	19
4	363	5	49	20	29
4	364	5	49	30	33
4	365	5	50	1	9
4	366	5	50	10	19b
4	367	5	50	19c	21
4	368	5	51	1	9
4	369	5	51	10	19
4	370	5	51	20	26
4	371	5	52	1	9
4	372	5	52	10	19
4	373	5	53	1	10ab
4	374	5	53	10cd	20ab
4	375	5	53	20cd	29
4	376	5	54	1	9
4	377	5	54	10	19
4	378	5	55	1	9
4	379	5	55	10	19
4	380	5	55	20	29
4	381	5	55	30	36
4	382	5	56	1	9
4	383	5	56	10	19
4	384	5	56	20	29
4	385	5	56	30	39
4	386	5	56	40	49
4	387	5	56	50	59
4	388	5	56	60	69
4	389	5	56	70	79
4	390	5	56	80	89
4	391	5	56	90	99
4	392	5	56	100	109
4	393	5	56	110	119
4	394	5	56	120	129
4	395	5	56	130	139
4	396	5	56	140	146
4	397	5	57	1	9
4	398	5	57	10	15
4	399	5	58	1	9
4	400	5	58	10	19
4	401	5	58	20	21
4	402	5	59	1	9
4	403	5	59	10	19
4	404	5	59	20	20
4	405	5	60	1	9
4	406	5	60	10	17b
4	407	5	60	17c	20
4	408	5	61	1	9
4	409	5	61	10	18
4	410	5	61	19	20
4	411	5	62	1	9
4	412	5	62	10	11
4	413	5	63	1	9
4	414	5	63	10	19
4	415	5	63	20	28
4	416	5	64	1	9
4	417	5	64	10	19
4	418	5	64	20	25
4	419	5	65	1	9
4	420	5	65	10	19
4	421	5	66	1	9
4	422	5	66	10	19
4	423	5	66	20	29
4	424	5	66	30	34
4	425	5	67	1	9
4	426	5	67	10	15
4	427	5	68	1	9
4	428	5	68	10	19
4	429	5	68	20	29
4	430	5	68	30	39
4	431	5	68	40	43
4	432	5	69	1	9
4	433	5	69	10	19
4	434	5	69	20	28
4	435	5	70	1	9
4	436	5	70	10	19
4	437	5	71	1	9
4	438	5	71	10	17
4	439	5	72	1	9
4	440	5	72	10	19
4	441	5	72	20	21
4	442	5	73	1	9
4	443	5	73	10	19
4	444	5	73	20	29
4	445	5	73	30	39
4	446	5	73	40	49
4	447	5	73	50	59
4	448	5	73	60	66
4	449	5	74	1	9
4	450	5	74	10	19
4	451	5	74	20	29
4	452	5	74	30	39
4	453	5	75	1	9
4	454	5	75	10	19
4	455	5	76	1	9
4	456	5	76	10	19
4	457	5	76	20	24
4	458	5	77	1	9
4	459	5	77	10	19
4	460	5	78	1	9
4	461	5	78	10	19
4	462	5	78	20	23
4	463	5	79	1	9
4	464	5	79	10	17
4	465	5	80	1	9
4	466	5	80	10	19
4	467	5	80	20	26b
4	468	5	80	26c	31b
4	469	5	80	31c	32
4	470	5	81	1	9
4	471	5	81	10	19
4	472	5	81	20	29
4	473	5	81	30	39
4	474	5	81	40	49
4	475	5	81	50	55
4	476	5	82	1	9
4	477	5	82	10	19
4	478	5	82	20	21
4	479	5	83	1	9
4	480	5	83	10	18
4	481	5	84	1	9
4	482	5	84	10	15
4	483	5	85	1	9
4	484	5	85	10	19
4	485	5	85	20	25
4	486	5	86	1	9
4	487	5	86	10	19
4	488	5	86	20	22
4	489	5	87	1	9
4	490	5	87	10	19
4	491	5	87	20	26
4	492	5	88	1	9
4	493	5	88	10	19
4	494	5	88	20	25
4	495	5	89	1	9
4	496	5	89	10	19b
4	497	5	89	19c	27
4	498	5	89	28	35b
4	499	5	89	35c	44
4	500	5	89	45	54
4	501	5	89	55	64
4	502	5	89	65	72
4	503	5	90	1	9
4	504	5	90	10	19
4	505	5	90	20	29
4	506	5	90	30	39ab
4	507	5	90	39cd	41
4	508	5	91	1	9
4	509	5	91	10	19
4	510	5	91	20	25
4	511	5	92	1	9
4	512	5	92	10	19
4	513	5	92	20	20
4	514	5	93	1	9
4	515	5	93	10	19
4	516	5	93	20	23
4	517	5	94	1	9
4	518	5	94	10	19
4	519	5	94	20	23
4	520	5	95	1	9
4	521	5	95	10	19
4	522	5	95	20	29
4	523	5	95	30	39
4	524	5	95	40	45
5	1	---	Kāṇḍa Title	---	---
5	2	---	Blank	---	---
5	3	6	1	1	5
5	4	6	1	6	15
5	5	6	1	16	25
5	6	6	1	26	35
5	7	6	1	36	45b
5	8	6	1	45c	46
5	9	6	2	1	9
5	10	6	2	10	19
5	11	6	2	20	29
5	12	6	2	30	39
5	13	6	2	40	49b
5	14	6	2	49c	51
5	15	6	3	1	9
5	16	6	3	10	19
5	17	6	3	20	29
5	18	6	3	30	39
5	19	6	3	40	49
5	20	6	3	50	51
5	21	6	4	1	9
5	22	6	4	10	19
5	23	6	4	20	29
5	24	6	4	30	39
5	25	6	4	40	49
5	26	6	4	50	59
5	27	6	4	60	62
5	28	6	5	1	9
5	29	6	5	10	19
5	30	6	5	20	25
5	31	6	6	1	9
5	32	6	6	10	19
5	33	6	6	20	29
5	34	6	6	30	33
5	35	6	7	1	9
5	36	6	7	10	19
5	37	6	7	20	29
5	38	6	7	30	39
5	39	6	7	40	49
5	40	6	8	1	9
5	41	6	8	10	19
5	42	6	8	20	29
5	43	6	8	30	39
5	44	6	8	40	45
5	45	6	9	1	10ab
5	46	6	9	10cd	20ab
5	47	6	9	20cd	30ab
5	48	6	9	30cd	39
5	49	6	10	1	9
5	50	6	10	10	19
5	51	6	10	20	29
5	52	6	10	30	37
5	53	6	11	1	9
5	54	6	11	10	19
5	55	6	11	20	29
5	56	6	11	30	39
5	57	6	11	40	46
5	58	6	12	1	9
5	59	6	12	10	19
5	60	6	12	20	22
5	61	6	13	1	9
5	62	6	13	10	19
5	63	6	13	20	29
5	64	6	13	30	36
5	65	6	14	1	9
5	66	6	14	10	19
5	67	6	14	20	25
5	68	6	15	1	9
5	69	6	15	10	19
5	70	6	15	20	28
5	71	6	16	1	9
5	72	6	16	10	19
5	73	6	16	20	29
5	74	6	16	30	39
5	75	6	16	40	49
5	76	6	16	50	59
5	77	6	16	60	69
5	78	6	16	70	79
5	79	6	16	80	89
5	80	6	16	90	99
5	81	6	16	100	105
5	82	6	17	1	9
5	83	6	17	10	19
5	84	6	17	20	29
5	85	6	17	30	32
5	86	6	18	1	10ab
5	87	6	18	10cd	20ab
5	88	6	18	20cd	30ab
5	89	6	18	30cd	40ab
5	90	6	18	40cd	50ab
5	91	6	18	50cd	59
5	92	6	19	1	9
5	93	6	19	10	19
5	94	6	19	20	29
5	95	6	19	30	39
5	96	6	19	40	49
5	97	6	19	50	59
5	98	6	19	60	69
5	99	6	19	70	76
5	100	6	20	1	9
5	101	6	20	10	19
5	102	6	20	20	28
5	103	6	21	1	9
5	104	6	21	10	19
5	105	6	21	20	29
5	106	6	21	30	39
5	107	6	21	40	46
5	108	6	22	1	9
5	109	6	22	10	19
5	110	6	22	20	27
5	111	6	23	1	9
5	112	6	23	10	19
5	113	6	23	20	29
5	114	6	23	30	39
5	115	6	23	40	41
5	116	6	24	1	9
5	117	6	24	10	19
5	118	6	24	20	29
5	119	6	24	30	39
5	120	6	24	40	43
5	121	6	25	1	9
5	122	6	25	10	19
5	123	6	25	20	29
5	124	6	25	30	39
5	125	6	25	40	41
5	126	6	26	1	9
5	127	6	26	10	19
5	128	6	26	20	29
5	129	6	26	30	39
5	130	6	26	40	49
5	131	6	27	1	9
5	132	6	27	10	19
5	133	6	27	20	29
5	134	6	27	30	35
5	135	6	28	1	9
5	136	6	28	10	19
5	137	6	28	20	29
5	138	6	28	30	39
5	139	6	28	40	42
5	140	6	29	1	9
5	141	6	29	10	19
5	142	6	29	20	29
5	143	6	30	1	9
5	144	6	30	10	19
5	145	6	30	20	29
5	146	6	30	30	39
5	147	6	31	1	9
5	148	6	31	10	19
5	149	6	31	20	29
5	150	6	31	30	39
5	151	6	31	40	47
5	152	6	32	1	9
5	153	6	32	10	19
5	154	6	32	20	29
5	155	6	32	30	39
5	156	6	32	40	45
5	157	6	33	1	9
5	158	6	33	10	19
5	159	6	33	20	29
5	160	6	33	30	39
5	161	6	33	40	49
5	162	6	33	50	51
5	163	6	34	1	8
5	164	6	34	9	18
5	165	6	34	19	24
5	166	6	35	1	5b
5	167	6	35	5c	10b
5	168	6	35	10c	15b
5	169	6	35	15c	20b
5	170	6	35	20c	21
5	171	6	36	1	8
5	172	6	36	9	13
5	173	6	36	14	18
5	174	6	36	19	25
5	175	6	36	26	34
5	176	6	36	35	44
5	177	6	36	45	54
5	178	6	36	55	64
5	179	6	36	65	72b
5	180	6	36	72c	77b
5	181	6	36	77c	82b
5	182	6	36	82c	88
5	183	6	36	89	98
5	184	6	36	99	107
5	185	6	36	108	114
5	186	6	36	115	119
5	187	6	36	120	121
5	188	6	37	1	9
5	189	6	37	10	19
5	190	6	37	20	29
5	191	6	37	30	39
5	192	6	37	40	46
5	193	6	37	47	56
5	194	6	37	57	65
5	195	6	37	66	75
5	196	6	37	76	85
5	197	6	37	86	95
5	198	6	37	96	102
5	199	6	38	1	9
5	200	6	38	10	17
5	201	6	38	18	27
5	202	6	38	28	37
5	203	6	38	38	41
5	204	6	39	1	9
5	205	6	39	10	19
5	206	6	39	20	29
5	207	6	39	30	33
5	208	6	40	1	9
5	209	6	40	10	19
5	210	6	40	20	29
5	211	6	40	30	39
5	212	6	40	40	49
5	213	6	40	50	53
5	214	6	41	1	9
5	215	6	41	10	19
5	216	6	41	20	25
5	217	6	42	1	9
5	218	6	42	10	19
5	219	6	42	20	23
5	220	6	43	1	9
5	221	6	43	10	19
5	222	6	43	20	29
5	223	6	43	30	37
5	224	6	44	1	9
5	225	6	44	10	19
5	226	6	44	20	29
5	227	6	44	30	39
5	228	6	44	40	48
5	229	6	45	1	9
5	230	6	45	10	19
5	231	6	45	20	29
5	232	6	45	30	39
5	233	6	46	1	9
5	234	6	46	10	17c
5	235	6	46	17d	24ab
5	236	6	46	24cd	34ab
5	237	6	46	34cd	44ab
5	238	6	46	44cd	51a
5	239	6	46	51b	56c
5	240	6	46	56d	64ab
5	241	6	46	64cd	71c
5	242	6	46	71d	77a
5	243	6	46	77b	85ab
5	244	6	46	85cd	93c
5	245	6	46	93d	101c
5	246	6	46	101d	109ab
5	247	6	46	109cd	118b
5	248	6	46	118d	123b
5	249	6	46	123c	128
5	250	6	46	129	135ab
5	251	6	46	135cd	141
5	252	6	47	1	10ab
5	253	6	47	10cd	19
5	254	6	48	1	9
5	255	6	48	10	13
5	256	6	49	1	9
5	257	6	49	10	19
5	258	6	49	20	29
5	259	6	49	30	38
5	260	6	49	39	48
5	261	6	49	49	55b
5	262	6	49	55c	64
5	263	6	49	65	74a
5	264	6	49	74b	79a
5	265	6	49	79b	82
5	266	6	50	1	9
5	267	6	50	10	19
5	268	6	50	20	26
5	269	6	50	27	34
5	270	6	50	35	43
5	271	6	50	44	51
5	272	6	50	52	57
5	273	6	51	1	9
5	274	6	51	10	19
5	275	6	51	20	29
5	276	6	51	30	39
5	277	6	51	40	46
5	278	6	51	47	56b
5	279	6	51	56c	64
5	280	6	51	65	74
5	281	6	51	75	84
5	282	6	51	85	94
5	283	6	51	95	103
5	284	6	51	104	108
5	285	6	51	109	111
5	286	6	52	1	6b
5	287	6	52	6c	13
5	288	6	52	14	23
5	289	6	52	24	32b
5	290	6	52	32c	38
5	291	6	52	39	46b
5	292	6	52	46c	51b
5	293	6	52	51c	54
5	294	6	53	1	5
5	295	6	53	6	15
5	296	6	53	16	25
5	297	6	53	26	35
5	298	6	53	36	45
5	299	6	53	46	51
5	300	6	53	52	57
5	301	6	53	58	63
5	302	6	53	64	68
5	303	6	54	1	9
5	304	6	54	10	19
5	305	6	54	20	29
5	306	6	54	30	39
5	307	6	54	40	49
5	308	6	54	50	59
5	309	6	54	60	64
5	310	6	55	1	9
5	311	6	55	10	19
5	312	6	55	20	29
5	313	6	55	30	39
5	314	6	55	40	49
5	315	6	55	50	59
5	316	6	55	60	69
5	317	6	55	70	79
5	318	6	55	80	89
5	319	6	56	1	9
5	320	6	56	10	19
5	321	6	56	20	22
5	322	6	57	1	9
5	323	6	57	10	19
5	324	6	57	20	27
5	325	6	58	1	9
5	326	6	58	10	19
5	327	6	58	20	29
5	328	6	58	30	39
5	329	6	58	40	49
5	330	6	59	1	9
5	331	6	59	10	19
5	332	6	59	20	25
5	333	6	60	1	9
5	334	6	60	10	19
5	335	6	60	20	29
5	336	6	61	1	9
5	337	6	61	10	19
5	338	6	61	20	29
5	339	6	62	1	9
5	340	6	62	10	19
5	341	6	62	20	29
5	342	6	62	30	39
5	343	6	62	40	44
5	344	6	63	1	9
5	345	6	63	10	19
5	346	6	63	20	23
5	347	6	64	1	9
5	348	6	64	10	19
5	349	6	64	20	29
5	350	6	65	1	9
5	351	6	65	10	19
5	352	6	65	20	29
5	353	6	65	30	35
5	354	6	66	1	9
5	355	6	66	10	19
5	356	6	66	20	29
5	357	6	66	30	33
5	358	6	67	1	9
5	359	6	67	10	19
5	360	6	67	20	29
5	361	6	67	30	33
5	362	6	68	1	9
5	363	6	68	10	19
5	364	6	68	20	29
5	365	6	68	30	37
5	366	6	69	1	9
5	367	6	69	10	19
5	368	6	69	20	29
5	369	6	69	30	39
5	370	6	69	40	48
5	371	6	70	1	9
5	372	6	70	10	19
5	373	6	70	20	29
5	374	6	70	30	39
5	375	6	70	40	49
5	376	6	70	50	59
5	377	6	71	1	10ab
5	378	6	71	10cd	20ab
5	379	6	71	20cd	28
5	380	6	72	1	9
5	381	6	72	10	19
5	382	6	72	20	29
5	383	6	72	30	39
5	384	6	72	40	49
5	385	6	72	50	59
5	386	6	72	60	69
5	387	6	73	1	9
5	388	6	73	10	19
5	389	6	73	20	29
5	390	6	73	30	39
5	391	6	73	40	40
5	392	6	74	1	9
5	393	6	74	10	19
5	394	6	74	20	29
5	395	6	74	30	39
5	396	6	74	40	42
5	397	6	75	1	9
5	398	6	75	10	19
5	399	6	75	20	29
5	400	6	75	30	39
5	401	6	75	40	49
5	402	6	75	50	59
5	403	6	75	60	68
5	404	6	76	1	9
5	405	6	76	10	19
5	406	6	76	20	29
5	407	6	76	30	39
5	408	6	76	40	44
5	409	6	77	1	9
5	410	6	77	10	19
5	411	6	77	20	29
5	412	6	77	30	31
5	413	6	78	1	9
5	414	6	78	10	19
5	415	6	78	20	24
5	416	6	79	1	9
5	417	6	79	10	19
5	418	6	79	20	28
5	419	6	79	29	38
5	420	6	79	39	48
5	421	6	79	49	58
5	422	6	79	59	68
5	423	6	79	69	76
5	424	6	80	1	9
5	425	6	80	10	19
5	426	6	80	20	29
5	427	6	80	30	39
5	428	6	80	40	42
5	429	6	81	1	9
5	430	6	81	10	19
5	431	6	81	20	27
5	432	6	82	1	9
5	433	6	82	10	19
5	434	6	82	20	29
5	435	6	82	30	39
5	436	6	82	40	49
5	437	6	82	50	59
5	438	6	82	60	69
5	439	6	82	70	79
5	440	6	82	80	89
5	441	6	82	90	99
5	442	6	82	100	109
5	443	6	82	110	119
5	444	6	82	120	129
5	445	6	82	130	139
5	446	6	82	140	149
5	447	6	82	150	159
5	448	6	82	160	169
5	449	6	82	170	179
5	450	6	82	180	184
5	451	6	83	1	9
5	452	6	83	10	19
5	453	6	83	20	29
5	454	6	83	30	39
5	455	6	83	40	49
5	456	6	83	50	59
5	457	6	83	60	61
5	458	6	84	1	9
5	459	6	84	10	19
5	460	6	84	20	29
5	461	6	84	30	36
5	462	6	85	1	9
5	463	6	85	10	13
5	464	6	86	1	9
5	465	6	86	10	19
5	466	6	86	20	29
5	467	6	86	30	39
5	468	6	86	40	46
5	469	6	87	1	9
5	470	6	87	10	19
5	471	6	87	20	29
5	472	6	88	1	9
5	473	6	88	10	19
5	474	6	88	20	29
5	475	6	88	30	36
5	476	6	89	1	9
5	477	6	89	10	19
5	478	6	89	20	25
5	479	6	90	1	9
5	480	6	90	10	19
5	481	6	90	20	29
5	482	6	90	30	33
5	483	6	91	1	9
5	484	6	91	10	19
5	485	6	91	20	28
5	486	6	92	1	9
5	487	6	92	10	19
5	488	6	92	20	29
5	489	6	92	30	39
5	490	6	92	40	49
5	491	6	92	50	59
5	492	6	92	60	69
5	493	6	92	70	79
5	494	6	92	80	83
5	495	6	93	1	9
5	496	6	93	10	18
5	497	6	93	19	27
5	498	6	93	28	32
5	499	6	94	1	9
5	500	6	94	10	19
5	501	6	94	20	28
5	502	6	95	1	9
5	503	6	95	10	19
5	504	6	95	20	29
5	505	6	95	30	39
5	506	6	95	40	49
5	507	6	95	50	59
5	508	6	95	60	65
5	509	6	96	1	6b
5	510	6	96	6c	15
5	511	6	96	16	17
5	512	6	97	1	9
5	513	6	97	10	19
5	514	6	97	20	25
5	515	6	98	1	9
5	516	6	98	10	19
5	517	6	98	20	29
5	518	6	98	30	39
5	519	6	98	40	41
5	520	6	99	1	9
5	521	6	99	10	19
5	522	6	99	20	29
5	523	6	99	30	39
5	524	6	99	40	49
5	525	6	99	50	57
5	526	6	100	1	9
5	527	6	100	10	19
5	528	6	100	20	23
5	529	6	101	1	9
5	530	6	101	10	19
5	531	6	101	20	29
5	532	6	101	30	35
5	533	6	102	1	9
5	534	6	102	10	19
5	535	6	102	20	29
5	536	6	102	30	34
5	537	6	103	1	9
5	538	6	103	10	19
5	539	6	103	20	23
5	540	6	104	1	9
5	541	6	104	10	19
5	542	6	104	20	29
5	543	6	104	30	39
5	544	6	104	40	46
5	545	6	105	1	9
5	546	6	105	10	19
5	547	6	105	20	26
5	548	6	106	1	9
5	549	6	106	10	19
5	550	6	106	20	26
5	551	6	107	1	9
5	552	6	107	10	19
5	553	6	107	20	25
5	554	6	108	1	9
5	555	6	108	10	19
5	556	6	108	20	29
5	557	6	108	30	39
5	558	6	108	40	47
5	559	6	109	1	9
5	560	6	109	10	19
5	561	6	109	20	29
5	562	6	109	30	39
5	563	6	109	40	49
5	564	6	109	50	59
5	565	6	109	60	69
5	566	6	110	1	9
5	567	6	110	10	19
5	568	6	110	20	29
5	569	6	110	30	39
5	570	6	110	40	49
5	571	6	110	50	58
5	572	6	111	1	9
5	573	6	111	10	19
5	574	6	111	20	29
5	575	6	111	30	39
5	576	6	111	40	49
5	577	6	111	50	59
5	578	6	112	1	9
5	579	6	112	10	19
5	580	6	112	20	29
5	581	6	112	30	39
5	582	6	112	40	49
5	583	6	112	50	59
5	584	6	112	60	69
5	585	6	112	70	79
5	586	6	112	80	89
5	587	6	112	90	99
5	588	6	112	100	109a
5	589	6	112	109b	110
5	590	6	113	1	9
5	591	6	113	10	16
UK	1	---	Kāṇḍa Title	---	---
UK	2	---	Blank	---	---
UK	3	7	1	1	6
UK	4	7	1	7	16
UK	5	7	1	17	26
UK	6	7	1	27	35
UK	7	7	2	1	9
UK	8	7	2	10	19
UK	9	7	2	20	29
UK	10	7	2	30	32
UK	11	7	3	1	9
UK	12	7	3	10	19
UK	13	7	3	20	29
UK	14	7	3	30	34
UK	15	7	4	1	9
UK	16	7	4	10	19
UK	17	7	4	20	29
UK	18	7	4	30	31
UK	19	7	5	1	9
UK	20	7	5	10	19
UK	21	7	5	20	29
UK	22	7	5	30	39
UK	23	7	5	40	45
UK	24	7	6	1	9
UK	25	7	6	10	19
UK	26	7	6	20	29
UK	27	7	6	30	39
UK	28	7	6	40	49
UK	29	7	6	50	59
UK	30	7	6	60	64
UK	31	7	7	1	9
UK	32	7	7	10	19
UK	33	7	7	20	29
UK	34	7	7	30	39
UK	35	7	7	40	48
UK	36	7	7	49	54
UK	37	7	7	55	55
UK	38	7	8	1	9
UK	39	7	8	10	19
UK	40	7	8	20	29b
UK	41	7	8	29c	30
UK	42	7	9	1	9
UK	43	7	9	10	19
UK	44	7	9	20	29
UK	45	7	9	30	39
UK	46	7	9	40	48
UK	47	7	10	1	9
UK	48	7	10	10	19
UK	49	7	10	20	29
UK	50	7	10	30	39
UK	51	7	10	40	49
UK	52	7	10	50	52
UK	53	7	11	1	9
UK	54	7	11	10	19
UK	55	7	11	20	29
UK	56	7	11	30	39
UK	57	7	11	40	49b
UK	58	7	11	49c	51
UK	59	7	12	1	9
UK	60	7	12	10	19
UK	61	7	12	20	29
UK	62	7	12	30	32
UK	63	7	13	1	9
UK	64	7	13	10	19
UK	65	7	13	20	29
UK	66	7	13	30	39
UK	67	7	13	40	41
UK	68	7	14	1	9
UK	69	7	14	10	19
UK	70	7	14	20	29
UK	71	7	14	30	30
UK	72	7	15	1	9
UK	73	7	15	10	19
UK	74	7	15	20	29
UK	75	7	15	30	39
UK	76	7	15	40	42
UK	77	7	16	1	9
UK	78	7	16	10	19
UK	79	7	16	20	29
UK	80	7	16	30	39
UK	81	7	17	1	9
UK	82	7	17	10	19
UK	83	7	17	20	29
UK	84	7	17	30	39
UK	85	7	17	40	40
UK	86	7	18	1	9
UK	87	7	18	10	19
UK	88	7	18	20	29
UK	89	7	18	30	36
UK	90	7	19	1	9
UK	91	7	19	10	19
UK	92	7	19	20	29
UK	93	7	19	30	30
UK	94	7	20	1	9
UK	95	7	20	10	19
UK	96	7	20	20	29
UK	97	7	20	30	39
UK	98	7	20	40	44
UK	99	7	21	1	9
UK	100	7	21	10	19
UK	101	7	21	20	29
UK	102	7	21	30	39
UK	103	7	21	40	49
UK	104	7	21	50	59
UK	105	7	21	60	69
UK	106	7	21	70	74
UK	107	7	22	1	9
UK	108	7	22	10	18
UK	109	7	22	19	23
UK	110	7	23	1	9
UK	111	7	23	10	19
UK	112	7	23	20	29
UK	113	7	23	30	39
UK	114	7	23	40	48
UK	115	7	24	1	9
UK	116	7	24	10	19
UK	117	7	24	20	29
UK	118	7	24	30	32
UK	119	7	25	1	9
UK	120	7	25	10	19
UK	121	7	25	20	29
UK	122	7	25	30	39
UK	123	7	25	40	44
UK	124	7	26	1	9
UK	125	7	26	10	19
UK	126	7	26	20	29
UK	127	7	26	30	39
UK	128	7	26	40	49
UK	129	7	26	50	50
UK	130	7	27	1	9
UK	131	7	27	10	19
UK	132	7	27	20	29
UK	133	7	27	30	39
UK	134	7	27	40	49
UK	135	7	27	50	51
UK	136	7	28	1	9
UK	137	7	28	10	19
UK	138	7	28	20	29
UK	139	7	28	30	39
UK	140	7	28	40	49
UK	141	7	28	50	59
UK	142	7	28	60	61
UK	143	7	29	1	9
UK	144	7	29	10	19
UK	145	7	29	20	29
UK	146	7	29	30	39
UK	147	7	29	40	49
UK	148	7	29	50	59
UK	149	7	29	60	61
UK	150	7	30	1	9
UK	151	7	30	10	19
UK	152	7	30	20	29
UK	153	7	30	30	39
UK	154	7	30	40	49
UK	155	7	30	50	51
UK	156	7	31	1	9
UK	157	7	31	10	19
UK	158	7	31	20	29
UK	159	7	31	30	39
UK	160	7	31	40	49
UK	161	7	31	50	59
UK	162	7	31	60	69
UK	163	7	31	70	71
UK	164	7	32	1	9
UK	165	7	32	10	19
UK	166	7	32	20	29
UK	167	7	32	30	39
UK	168	7	32	40	42
UK	169	7	33	1	9
UK	170	7	33	10	19
UK	171	7	33	20	29
UK	172	7	33	30	39
UK	173	7	33	40	49
UK	174	7	33	50	51
UK	175	7	34	1	9
UK	176	7	34	10	19
UK	177	7	34	20	29
UK	178	7	34	30	39
UK	179	7	34	40	49
UK	180	7	35	1	9
UK	181	7	35	10	19
UK	182	7	35	20	29
UK	183	7	35	30	39
UK	184	7	35	40	47
UK	185	7	36	1	9
UK	186	7	36	10	19
UK	187	7	36	20	29
UK	188	7	36	30	39
UK	189	7	36	40	48
UK	190	7	37	1	9
UK	191	7	37	10	19
UK	192	7	37	20	29
UK	193	7	37	30	38
UK	194	7	37	39	41
UK	195	7	38	1	9
UK	196	7	38	10	19
UK	197	7	38	20	29
UK	198	7	38	30	39
UK	199	7	38	40	49
UK	200	7	38	50	59
UK	201	7	38	60	69
UK	202	7	38	70	79
UK	203	7	38	80	89
UK	204	7	38	90	99
UK	205	7	38	100	109
UK	206	7	38	110	115
UK	207	7	39	1	9
UK	208	7	39	10	19
UK	209	7	39	20	24
UK	210	7	40	1	9
UK	211	7	40	10	18b
UK	212	7	40	18c	24
UK	213	7	41	1	9
UK	214	7	41	10	19
UK	215	7	41	20	24
UK	216	7	42	1	9
UK	217	7	42	10	19
UK	218	7	42	20	29
UK	219	7	42	30	39
UK	220	7	42	40	49
UK	221	7	42	50	55
UK	222	7	43	1	9
UK	223	7	43	10	19
UK	224	7	43	20	25
UK	225	7	44	1	9
UK	226	7	44	10	19
UK	227	7	44	20	22
UK	228	7	45	1	9
UK	229	7	45	10	19
UK	230	7	45	20	29
UK	231	7	45	30	36
UK	232	7	46	1	9
UK	233	7	46	10	19
UK	234	7	46	20	23
UK	235	7	47	1	9
UK	236	7	47	10	19
UK	237	7	47	20	21
UK	238	7	48	1	9
UK	239	7	48	10	19
UK	240	7	48	20	22
UK	241	7	49	1	9
UK	242	7	49	10	19
UK	243	7	49	20	29
UK	244	7	49	30	39
UK	245	7	49	40	49
UK	246	7	50	1	9
UK	247	7	50	10	19
UK	248	7	50	20	22
UK	249	7	51	1	9
UK	250	7	51	10	19
UK	251	7	51	20	21
UK	252	7	52	1	9
UK	253	7	52	10	19
UK	254	7	52	20	22
UK	255	7	53	1	9
UK	256	7	53	10	19
UK	257	7	53	20	23
UK	258	7	54	1	9
UK	259	7	54	10	18
UK	260	7	55	1	9
UK	261	7	55	10	19
UK	262	7	55	20	24
UK	263	7	56	1	9
UK	264	7	56	10	19
UK	265	7	57	1	9
UK	266	7	57	10	19
UK	267	7	57	20	22
UK	268	7	58	1	9
UK	269	7	58	10	19
UK	270	7	58	20	28
UK	271	7	59	1	9
UK	272	7	59	10	19
UK	273	7	59	20	22
UK	274	7	60	1	9
UK	275	7	60	10	19
UK	276	7	60	20	23
UK	277	7	61	1	9
UK	278	7	61	10	19
UK	279	7	61	20	21
UK	280	7	62	1	10ab
UK	281	7	62	10cd	20ab
UK	282	7	62	20cd	29
UK	283	7	63	1	9
UK	284	7	63	10	19
UK	285	7	63	20	29
UK	286	7	63	30	39
UK	287	7	63	40	49
UK	288	7	63	50	51
UK	289	7	64	1	9
UK	290	7	64	10	19
UK	291	7	64	20	29
UK	292	7	64	30	38ab
UK	293	7	64	38cd	48ab
UK	294	7	64	48cd	58ab
UK	295	7	64	58cd	64
UK	296	7	65	1	9
UK	297	7	65	10	16
UK	298	7	66	1	9
UK	299	7	66	10	19
UK	300	7	66	20	24
UK	301	7	67	1	9
UK	302	7	67	10	19
UK	303	7	67	20	21
UK	304	7	68	1	9
UK	305	7	68	10	19
UK	306	7	68	20	25
UK	307	7	69	1	8
UK	308	7	70	1	9
UK	309	7	70	10	19
UK	310	7	70	20	21
UK	311	7	71	1	9
UK	312	7	71	10	19
UK	313	7	71	20	29
UK	314	7	71	30	39
UK	315	7	71	40	40
UK	316	7	72	1	9
UK	317	7	72	10	15
UK	318	7	73	1	9
UK	319	7	73	10	19
UK	320	7	73	20	24
UK	321	7	74	1	9
UK	322	7	74	10	19
UK	323	7	74	20	20
UK	324	7	75	1	9
UK	325	7	75	10	19
UK	326	7	75	20	29
UK	327	7	75	30	38
UK	328	7	75	39	39
UK	329	7	76	1	9
UK	330	7	76	10	16
UK	331	7	77	1	9
UK	332	7	77	10	19
UK	333	7	77	20	23
UK	334	7	78	1	9
UK	335	7	78	10	19
UK	336	7	78	20	22
UK	337	7	79	1	9
UK	338	7	79	10	19
UK	339	7	79	20	20
UK	340	7	80	1	10ab
UK	341	7	80	10cd	20ab
UK	342	7	80	20cd	29
UK	343	7	81	1	10ab
UK	344	7	81	10cd	19
UK	345	7	82	1	10ab
UK	346	7	82	10cd	19
UK	347	7	83	1	9
UK	348	7	83	10	19
UK	349	7	83	20	29
UK	350	7	83	30	30
UK	351	7	84	1	9
UK	352	7	84	10	19b
UK	353	7	84	19c	19d
UK	354	7	85	1	9
UK	355	7	85	10	19
UK	356	7	85	20	29
UK	357	7	85	30	33
UK	358	7	86	1	9
UK	359	7	86	10	19
UK	360	7	86	20	20
UK	361	7	87	1	9
UK	362	7	87	10	18
UK	363	7	88	1	9
UK	364	7	88	10	19
UK	365	7	88	20	22
UK	366	7	89	1	9
UK	367	7	89	10	19b
UK	368	7	89	19c	19d
UK	369	7	90	1	9
UK	370	7	90	10	19
UK	371	7	90	20	26
UK	372	7	91	1	9
UK	373	7	91	10	19
UK	374	7	91	20	20
UK	375	7	92	1	9
UK	376	7	92	10	19
UK	377	7	92	20	21
UK	378	7	93	1	9
UK	379	7	93	10	19
UK	380	7	93	20	21
UK	381	7	94	1	9
UK	382	7	94	10	19
UK	383	7	94	20	29
UK	384	7	95	1	9
UK	385	7	95	10	19
UK	386	7	95	20	24
UK	387	7	96	1	9
UK	388	7	96	10	19
UK	389	7	96	20	27
UK	390	7	97	1	9
UK	391	7	97	10	19
UK	392	7	97	20	25
UK	393	7	98	1	9
UK	394	7	98	10	19
UK	395	7	98	20	26
UK	396	7	99	1	9
UK	397	7	99	10	17
UK	398	7	100	1	9
UK	399	7	100	10	19
UK	400	7	101	1	9
UK	401	7	101	10	19
UK	402	7	101	20	29
UK	403	7	101	30	31
UK	404	7	102	1	9
UK	405	7	102	10	19
UK	406	7	102	20	21
UK	407	7	103	1	9
UK	408	7	103	10	19
UK	409	7	103	20	22
UK	410	7	104	1	9
UK	411	7	104	10	19
UK	412	7	104	20	24
UK	413	7	105	1	9
UK	414	7	105	10	19
UK	415	7	105	20	29
UK	416	7	105	30	35
UK	417	7	106	1	9
UK	418	7	106	10	19
UK	419	7	106	20	20
UK	420	7	107	1	9
UK	421	7	107	10	19
UK	422	7	107	20	27
UK	423	7	108	1	9
UK	424	7	108	10	17
UK	425	7	109	1	9
UK	426	7	109	10	17
UK	427	7	110	1	9
UK	428	7	110	10	17
UK	429	7	111	1	9
UK	430	7	111	10	19
UK	431	7	111	20	29
UK	432	7	111	30	39
UK	433	7	112	1	9
UK	434	7	112	10	19
UK	435	7	112	20	24
UK	436	7	113	1	9
UK	437	7	113	10	19
UK	438	7	113	20	29
UK	439	7	113	30	39
UK	440	7	113	40	47
UK	441	7	114	1	9
UK	442	7	114	10	19
UK	443	7	114	20	22
UK	444	7	115	1	9
UK	445	7	115	10	19
UK	446	7	115	20	29
UK	447	7	Epilogue	1	3
